8 2
8 3
8 6
8 9
8 11
8 17
8 19
8 20
8 21
8 23
8 30
8 32
8 33
8 37
8 39
8 40
8 44
1 19
1 36
36 22
3 2
3 4
3 11
3 16
3 23
2 12
2 16
6 432
12 50
16 9
16 13
16 60
20 14
20 15
20 24
20 33
20 79
21 33
21 37
11 313
23 33
24 32
24 45
60 91
88 5
88 9
88 14
88 22
88 25
88 49
88 89
88 111
88 115
88 116
88 121
88 623
5 118
5 164
5 608
5 657
118 95
118 105
118 178
118 212
118 298
118 447
118 471
118 606
164 230
164 374
164 380
164 399
164 466
306 110
306 154
306 170
306 204
306 206
306 356
369 550
447 139
447 204
447 273
447 377
447 381
447 386
447 392
447 408
447 431
447 453
447 454
447 458
447 463
447 466
447 482
447 483
447 502
447 503
447 504
447 511
608 132
608 243
657 467
657 679
657 674
28 496
48 821
9 7
9 55
9 58
9 117
7 26
18 34
26 31
26 52
27 225
32 45
33 13
33 594
39 50
40 22
42 456
45 50
45 69
46 417
46 329
46 600
49 66
49 161
49 190
49 193
49 252
55 14
55 59
55 61
55 105
55 140
55 141
58 95
58 104
58 105
58 125
59 53
59 57
59 63
59 74
59 106
59 114
59 123
59 125
59 138
59 145
59 163
59 170
117 53
10 130
50 47
50 76
50 86
50 87
13 41
13 71
13 95
13 127
13 163
13 196
13 207
13 230
64 571
78 63
78 96
78 166
95 75
96 230
96 253
163 57
163 61
163 98
163 123
163 143
163 156
166 161
166 175
166 215
166 224
166 230
196 84
196 233
196 237
196 245
207 22
207 143
207 189
207 221
230 72
230 109
230 161
230 178
230 204
230 215
230 219
230 281
230 336
230 386
230 393
230 395
230 396
230 410
230 433
230 448
230 460
230 483
230 486
230 509
230 513
14 47
14 63
14 98
47 54
47 67
47 82
47 91
56 101
63 156
98 22
98 35
98 57
98 73
98 105
98 108
98 137
98 138
98 170
98 195
110 70
110 121
110 123
110 130
110 170
110 223
25 75
25 90
25 124
25 146
25 150
273 35
273 132
273 155
273 158
273 170
273 179
273 197
273 202
273 224
273 257
273 272
273 280
273 285
273 300
273 317
273 322
273 347
273 364
273 370
273 380
273 385
273 388
273 389
273 396
273 399
273 415
273 428
273 429
273 430
273 431
273 434
273 442
273 449
273 458
273 460
273 462
273 465
273 471
273 483
273 487
273 492
273 496
273 499
273 505
273 519
273 536
273 538
273 552
273 570
273 617
273 730
273 751
22 67
22 123
22 158
22 408
22 536
22 555
22 617
67 83
67 182
104 57
104 114
104 171
123 53
123 57
123 93
123 105
123 109
123 115
123 124
123 169
123 171
123 174
158 57
158 170
158 189
158 322
158 612
408 330
408 393
408 398
408 417
408 453
408 471
408 513
408 606
408 625
536 132
536 204
536 218
536 387
536 399
536 406
536 416
536 427
536 450
536 453
536 458
536 471
536 481
536 490
536 504
536 506
536 526
536 531
536 539
536 545
536 548
536 566
536 568
536 570
536 575
536 576
536 579
536 593
536 619
536 630
536 639
555 204
555 562
555 646
555 794
617 132
617 243
617 522
617 528
617 546
617 550
617 557
617 571
617 603
617 610
617 662
617 678
617 681
617 692
617 705
617 709
617 710
617 735
617 771
617 621
53 105
53 129
75 112
100 344
124 125
124 168
146 701
151 61
29 138
43 35
35 106
35 148
35 195
35 212
35 257
106 178
106 189
148 199
148 254
148 257
148 309
148 314
195 103
195 128
195 162
212 51
212 224
212 254
212 266
212 281
212 328
212 399
212 486
257 233
257 258
257 267
257 288
257 290
199 38
199 155
199 170
199 204
199 225
199 239
199 256
199 259
199 260
199 285
199 299
199 316
199 328
82 194
91 415
97 587
121 57
121 109
121 114
121 186
161 327
161 328
193 152
193 170
193 344
193 356
193 359
76 81
202 51
202 170
51 311
51 342
51 420
51 496
214 109
214 170
214 189
214 227
231 139
231 204
231 431
231 455
311 237
311 322
311 436
311 485
342 281
342 565
342 516
415 228
415 377
415 378
415 393
415 428
415 433
415 462
415 485
420 239
420 426
482 370
482 407
482 416
482 418
482 448
482 509
482 523
482 526
482 543
482 549
482 562
482 568
482 584
482 588
482 597
482 713
496 396
496 433
496 434
496 437
496 461
105 128
105 169
114 62
114 108
114 171
114 176
125 57
129 178
167 778
61 57
135 111
137 74
140 328
141 156
141 220
74 172
74 187
57 93
57 122
57 143
57 160
57 176
57 179
57 181
94 191
108 109
108 122
108 171
108 183
108 189
143 128
143 133
143 187
143 217
143 254
156 189
156 210
160 170
170 128
170 133
170 134
170 192
170 203
170 205
170 216
170 226
170 233
170 244
170 258
170 264
170 272
170 275
170 277
170 280
170 289
170 298
170 303
170 308
170 317
170 324
170 330
170 334
170 356
170 360
170 361
170 363
170 365
171 128
179 334
181 256
211 819
204 68
204 132
204 209
204 239
204 255
204 266
204 356
204 370
204 374
204 380
204 388
204 399
204 404
204 407
204 410
204 421
204 431
204 433
204 437
204 448
204 452
204 453
204 456
204 458
204 461
204 471
204 491
204 531
65 531
396 243
396 362
396 377
396 416
396 431
396 474
396 490
68 266
266 239
266 260
266 285
266 289
266 299
266 322
266 337
266 399
266 405
301 386
99 791
216 152
216 153
216 224
216 237
216 259
216 275
258 205
258 210
258 224
258 275
258 285
73 308
73 431
308 317
431 113
431 139
431 242
431 284
431 339
431 368
431 388
431 392
431 399
431 404
431 405
431 421
431 430
431 444
431 448
431 452
431 455
431 456
431 460
431 463
431 466
431 472
431 481
431 488
431 492
431 498
431 499
431 501
431 524
431 532
431 538
431 540
431 548
431 550
431 558
431 561
431 575
431 591
431 593
431 607
431 613
431 619
431 738
431 762
431 765
431 803
431 811
431 823
431 826
431 834
431 837
431 840
431 843
431 855
431 868
431 869
126 303
130 131
130 224
130 229
130 233
560 77
560 132
560 375
560 399
560 451
560 455
560 465
560 503
560 558
229 232
80 832
152 157
152 189
152 205
152 215
85 200
107 478
111 115
115 128
162 128
162 173
92 376
142 251
109 183
109 224
102 724
128 191
128 205
178 174
189 221
224 133
224 233
224 240
224 247
224 260
224 285
224 700
223 233
223 303
223 353
223 368
223 453
328 373
326 113
326 802
113 413
113 546
113 562
113 634
113 666
113 690
113 707
113 715
113 520
413 509
413 550
479 730
479 779
515 433
515 509
515 550
515 583
515 588
515 631
546 321
546 545
546 547
546 557
546 584
546 588
546 597
546 626
551 416
551 556
551 653
562 416
562 448
562 487
562 494
562 526
562 538
562 548
562 550
562 568
562 572
562 574
562 575
562 586
562 588
562 593
570 406
570 575
570 586
570 770
634 573
634 624
637 425
637 647
637 660
637 687
637 697
637 748
666 484
666 552
666 573
666 599
666 635
666 651
666 668
666 702
666 736
666 754
666 762
666 784
690 136
690 659
690 684
690 709
690 762
690 763
690 769
690 807
690 822
690 845
707 635
707 692
707 709
707 727
707 736
707 763
707 804
707 822
707 839
707 842
707 845
707 852
707 877
709 439
709 646
709 687
709 703
709 736
709 750
709 763
709 769
709 773
709 804
709 807
715 243
715 771
738 550
738 613
738 670
738 686
738 702
738 750
738 753
738 802
298 275
298 333
298 265
471 386
471 398
471 410
471 425
471 427
471 451
471 460
471 483
471 489
471 513
471 652
606 352
606 381
606 552
606 588
606 620
606 627
606 628
606 678
606 691
606 750
119 238
159 584
120 259
120 317
120 350
120 364
259 205
259 233
259 260
259 275
259 289
259 290
259 319
259 336
259 351
259 399
259 410
317 197
317 244
317 260
317 299
350 290
350 322
350 365
350 870
364 289
364 299
364 319
364 370
364 399
364 424
364 437
184 209
184 695
185 186
168 217
191 218
191 322
191 399
191 878
205 175
205 201
205 237
205 254
205 261
205 262
197 285
197 335
233 210
233 237
233 260
233 284
237 180
237 228
237 247
237 260
237 279
237 290
237 389
237 404
237 455
237 491
237 508
237 527
277 314
278 232
278 335
132 392
132 399
132 410
132 416
132 442
132 448
132 453
132 456
132 506
132 523
132 268
361 228
361 316
361 426
361 433
361 474
385 458
385 504
385 554
385 563
392 391
392 410
392 455
392 458
392 466
392 304
399 285
399 289
399 322
399 367
399 381
399 389
399 393
399 417
399 421
399 427
399 428
399 434
399 436
399 438
399 442
399 453
399 458
399 462
399 465
399 490
399 494
399 504
399 506
399 509
399 526
399 531
399 538
399 576
399 613
410 299
410 386
410 433
410 448
410 449
410 463
410 568
410 885
416 284
416 368
416 380
416 404
416 421
416 428
416 442
416 448
416 449
416 453
416 456
416 461
416 463
416 464
416 466
416 484
416 486
416 488
416 499
416 503
416 504
416 506
416 510
416 511
416 517
416 523
416 539
416 584
416 585
442 430
442 460
442 506
448 297
448 404
448 434
448 449
448 456
448 458
448 459
448 511
448 543
448 548
448 568
448 574
448 597
448 848
453 324
453 433
453 456
453 463
453 475
453 489
453 499
453 531
453 538
453 556
453 558
455 139
455 433
455 449
455 461
455 463
455 504
456 139
456 380
456 449
456 461
456 506
461 421
461 437
461 504
488 871
504 354
504 380
504 423
504 459
504 466
504 506
504 508
504 511
504 513
504 518
504 523
504 529
504 544
504 568
504 584
504 597
506 380
506 398
506 434
506 559
523 393
523 434
523 459
523 526
523 568
523 624
133 239
239 139
239 218
239 320
239 337
239 349
239 436
240 175
240 260
134 289
247 173
247 219
247 260
247 275
289 280
289 319
289 322
289 347
331 332
351 165
351 236
351 314
351 337
136 822
136 832
136 834
822 532
822 736
822 762
822 768
822 769
822 781
822 862
822 863
822 590
832 693
832 697
832 762
832 840
832 843
832 856
834 652
855 762
855 839
139 324
139 458
324 228
324 386
324 462
437 372
437 386
437 434
458 348
458 393
458 421
458 451
458 466
458 498
458 296
220 286
254 263
254 291
254 366
356 144
356 319
356 344
356 347
356 373
356 406
557 147
557 380
557 532
557 550
557 564
557 655
557 696
557 736
147 717
717 371
717 668
717 724
717 773
717 776
717 402
267 219
267 249
305 726
314 319
314 337
314 358
149 579
157 215
153 248
225 154
225 155
225 227
225 281
225 341
154 227
188 155
155 337
155 733
337 165
337 209
337 271
337 280
337 285
208 858
210 261
322 372
322 386
322 421
322 428
322 439
322 445
327 395
327 417
173 318
234 889
374 213
374 605
380 206
380 354
380 391
380 438
380 459
380 462
380 484
380 509
380 511
380 518
380 534
380 538
380 547
380 568
380 598
380 609
380 611
380 626
381 285
381 386
381 412
381 425
381 568
466 370
466 441
466 499
466 503
466 517
466 543
226 297
226 341
244 580
260 256
260 290
260 299
264 180
271 285
271 319
272 256
280 285
280 372
285 358
285 379
285 386
299 276
299 281
299 290
299 336
299 395
303 344
330 421
334 344
334 370
341 241
198 242
198 310
389 177
389 307
389 480
265 752
256 281
218 710
333 338
344 241
245 433
269 728
281 282
281 290
281 292
316 417
316 460
325 676
222 255
255 614
255 638
343 792
370 388
370 393
370 425
393 428
393 470
393 508
404 429
404 449
404 511
404 518
407 484
407 542
407 598
407 721
421 449
421 464
421 529
433 372
433 419
433 426
433 443
433 463
433 528
452 579
452 668
452 786
452 793
452 839
452 850
452 858
452 863
452 886
491 384
491 426
508 368
508 485
508 511
526 401
526 529
531 398
531 486
531 490
531 543
543 434
543 487
543 529
543 550
543 783
261 274
262 550
355 869
355 835
228 386
228 474
293 839
294 887
486 465
486 538
270 688
710 439
710 484
710 660
710 697
710 705
710 724
710 725
323 235
353 368
368 377
368 485
368 499
386 358
386 372
386 405
386 417
386 430
386 490
386 633
336 490
460 449
503 434
503 812
509 485
509 514
513 375
513 697
513 786
513 819
430 445
492 445
492 477
284 274
464 436
464 529
464 539
611 545
611 548
611 549
611 627
372 283
372 412
372 441
241 357
243 671
671 414
671 712
246 424
250 251
614 646
614 758
614 856
630 609
630 663
638 665
665 550
665 736
751 564
751 791
315 307
550 321
550 403
550 423
550 457
550 470
550 473
550 545
550 547
550 584
550 587
550 601
550 622
550 625
550 654
550 660
550 681
550 682
550 691
550 697
550 702
550 589
405 340
405 440
398 425
398 499
398 549
398 619
426 417
426 468
426 481
428 417
428 445
434 490
434 538
441 379
449 463
449 521
449 539
449 561
463 518
465 490
487 548
487 572
487 613
499 539
505 507
505 635
505 394
528 500
528 545
528 681
538 406
538 470
538 529
538 535
538 548
538 568
538 572
538 593
538 624
538 632
547 545
547 588
547 613
547 639
547 645
547 660
548 425
548 572
548 609
552 660
552 670
552 735
552 776
552 777
568 427
568 481
568 559
568 572
568 575
568 581
568 588
568 604
568 619
691 406
691 692
691 705
691 756
691 770
736 635
736 659
736 678
736 689
736 692
736 697
736 716
736 749
736 750
736 753
736 762
736 764
736 769
736 777
736 780
736 786
736 803
736 804
736 837
736 843
750 732
750 762
750 763
750 791
750 802
750 804
750 825
276 533
292 468
283 578
379 412
379 734
376 287
376 675
636 295
636 406
518 575
362 302
362 510
500 746
312 542
375 383
417 400
419 409
419 745
321 604
439 423
439 573
439 660
439 723
445 574
445 642
772 564
802 668
802 697
802 762
802 777
802 829
418 469
418 556
490 574
383 809
610 660
610 681
652 345
652 593
652 763
345 804
801 807
801 840
804 443
804 803
804 816
804 821
807 740
807 757
807 766
807 769
807 781
807 782
807 784
807 806
807 814
807 840
346 596
613 545
613 762
382 675
352 639
639 660
511 459
511 584
511 597
510 384
539 451
539 476
539 540
625 535
625 622
484 540
484 635
484 660
484 702
484 704
425 371
425 566
425 609
655 571
655 626
655 645
641 577
675 618
525 422
525 469
525 769
525 881
391 619
435 741
459 584
459 597
534 397
540 645
545 403
545 588
545 620
545 626
545 646
545 660
545 672
545 683
609 627
615 592
615 656
626 541
554 573
390 567
390 673
567 635
567 697
567 699
567 763
673 660
673 697
673 729
673 776
619 575
411 446
411 529
497 732
549 596
553 662
469 697
469 702
469 810
400 799
401 512
401 711
403 627
403 683
403 685
403 697
627 602
627 640
683 660
683 667
697 477
697 564
697 646
697 687
697 720
697 758
697 763
697 769
697 777
697 784
697 805
697 817
697 818
697 819
697 829
697 837
697 846
529 596
687 564
687 851
584 588
584 597
481 574
481 582
745 668
745 724
423 654
587 678
654 723
702 708
702 714
444 530
493 596
532 820
532 842
575 582
575 593
593 477
607 622
672 664
757 837
762 495
762 635
762 670
762 742
762 753
762 765
762 769
762 774
762 777
762 781
762 785
762 816
762 819
762 827
762 833
762 841
762 846
762 856
762 775
763 646
763 740
763 815
763 731
765 803
765 828
765 839
765 859
765 867
765 873
781 729
781 759
781 769
781 773
781 780
781 788
781 817
781 841
781 843
781 853
781 856
781 616
785 856
785 864
785 875
803 769
803 788
803 795
803 823
803 833
803 865
820 716
820 819
820 847
820 859
823 840
823 843
826 725
826 853
826 755
840 773
843 839
843 854
853 659
853 693
853 852
853 866
853 872
602 650
573 635
660 588
660 659
660 735
660 744
723 635
723 646
723 669
574 642
597 588
579 635
659 564
659 778
659 791
659 818
659 845
668 635
668 645
668 678
668 720
668 819
825 693
825 774
839 537
839 680
839 854
839 858
839 860
850 841
850 887
851 829
858 841
872 861
457 704
476 658
635 564
635 646
635 698
635 705
635 706
635 714
635 718
635 725
635 735
635 769
635 780
635 787
643 771
779 838
588 653
588 681
592 645
569 882
819 767
819 856
522 724
769 693
769 768
769 771
769 796
769 829
646 749
646 764
646 800
537 880
864 856
864 874
629 661
705 649
670 720
670 771
735 787
753 678
753 829
776 777
776 816
777 829
564 678
678 706
692 644
692 790
692 795
771 813
708 719
595 649
599 739
856 722
856 737
856 800
856 859
856 866
856 876
856 882
856 883
677 884
725 791
725 836
780 816
644 729
729 791
789 829
648 830
669 649
669 728
669 760
694 743
818 816
818 859
841 847
841 859
841 865
845 824
845 879
784 761
784 805
728 808
693 743
795 761
829 847
829 849
773 742
852 857
827 747
742 831
831 806
798 797
774 815
859 873
767 844
824 888