8 1
8 2
8 9
8 17
8 18
8 19
8 20
8 21
8 23
8 26
8 30
8 32
8 33
8 34
8 37
8 39
8 42
8 45
8 46
1 19
1 36
36 22
3 2
3 4
3 11
3 16
3 20
3 23
3 24
3 60
2 12
2 16
2 20
2 21
6 28
6 48
12 50
12 476
16 7
16 13
20 15
20 24
20 25
20 33
20 66
20 79
21 37
23 33
23 37
24 32
24 45
60 54
60 91
88 5
88 22
88 25
88 49
88 55
88 89
88 90
88 96
88 111
88 115
88 121
5 164
5 306
5 369
5 447
5 657
118 95
118 123
118 170
118 212
118 298
118 447
118 471
118 606
164 72
164 230
164 380
164 381
164 399
164 466
164 496
306 22
306 110
306 154
306 170
306 206
306 356
306 432
369 448
369 548
369 550
447 139
447 204
447 370
447 372
447 377
447 381
447 386
447 392
447 408
447 421
447 431
447 433
447 434
447 453
447 454
447 456
447 458
447 463
447 465
447 466
447 482
447 483
447 502
447 503
447 504
447 506
447 511
447 527
608 132
608 243
608 557
608 714
657 380
657 679
657 710
657 734
28 13
9 7
9 34
9 49
9 55
9 58
9 59
9 117
7 18
7 26
18 34
26 31
27 136
39 50
40 22
42 50
44 541
44 732
45 50
45 69
49 66
49 90
49 121
49 161
49 190
49 193
55 14
55 59
55 61
55 105
55 135
55 140
55 141
58 95
58 104
58 105
58 161
59 57
59 63
59 93
59 105
59 106
59 114
59 123
59 125
59 145
59 163
59 170
117 53
10 474
50 29
50 47
50 82
50 86
50 87
13 41
13 64
13 71
13 78
13 95
13 96
13 127
13 163
13 190
13 196
13 207
13 230
64 92
78 63
78 96
78 166
78 230
95 75
96 230
163 57
163 61
163 98
163 148
163 156
163 205
166 53
166 161
166 170
166 175
166 178
166 194
166 224
166 230
166 248
190 193
190 236
196 84
196 156
196 233
196 237
196 245
207 22
207 51
207 143
207 189
207 221
230 51
230 72
230 109
230 140
230 161
230 178
230 204
230 219
230 281
230 301
230 328
230 358
230 393
230 395
230 396
230 410
230 448
230 460
230 486
230 503
230 509
14 47
14 56
14 98
14 110
47 54
47 67
47 82
47 91
47 97
56 74
56 101
63 151
63 156
63 211
98 22
98 35
98 57
98 105
98 109
98 123
98 138
98 170
98 195
110 70
110 123
110 170
110 223
110 328
15 741
25 53
25 75
25 90
25 100
25 112
25 124
25 146
25 150
25 151
273 132
273 148
273 155
273 158
273 170
273 191
273 197
273 199
273 202
273 224
273 228
273 233
273 239
273 272
273 280
273 285
273 290
273 300
273 308
273 317
273 322
273 347
273 361
273 364
273 370
273 380
273 381
273 385
273 386
273 388
273 389
273 392
273 396
273 398
273 399
273 408
273 415
273 416
273 426
273 428
273 431
273 441
273 448
273 449
273 458
273 460
273 462
273 465
273 471
273 475
273 483
273 487
273 492
273 494
273 496
273 499
273 505
273 519
273 527
273 528
273 536
273 538
273 547
273 548
273 550
273 552
273 560
273 568
273 570
273 586
273 691
273 730
273 736
273 770
273 834
22 67
22 70
22 104
22 158
22 408
22 536
22 555
67 83
70 99
70 202
70 216
70 258
104 57
104 114
104 123
104 156
104 162
104 167
104 170
123 53
123 57
123 93
123 105
123 115
123 124
123 125
123 169
123 171
123 172
123 174
158 57
158 108
158 170
158 189
158 322
408 330
408 393
408 398
408 453
408 471
408 482
408 513
408 536
408 606
536 132
536 204
536 316
536 387
536 391
536 393
536 399
536 406
536 416
536 425
536 427
536 431
536 438
536 449
536 453
536 458
536 459
536 470
536 471
536 482
536 490
536 504
536 506
536 513
536 518
536 526
536 531
536 538
536 539
536 545
536 546
536 548
536 562
536 566
536 568
536 570
536 572
536 575
536 579
536 592
536 593
536 601
536 606
536 609
536 619
536 630
536 650
555 204
555 399
555 423
555 454
555 562
555 646
617 132
617 243
617 381
617 522
617 528
617 546
617 550
617 552
617 557
617 571
617 588
617 610
617 646
617 678
617 681
617 692
617 702
617 705
617 709
617 727
617 735
617 736
617 750
617 751
53 105
53 114
53 125
53 129
75 112
90 84
90 108
90 162
90 170
90 569
124 125
124 146
124 168
151 61
31 87
52 598
43 748
35 106
35 148
35 195
35 212
35 257
106 178
106 189
148 199
148 239
148 257
148 267
148 305
148 309
148 314
195 162
195 170
212 51
212 109
212 170
212 199
212 223
212 224
212 254
212 266
212 281
212 293
212 294
212 328
212 332
212 373
212 399
212 486
257 210
257 233
257 249
257 258
257 267
257 288
257 290
257 309
199 38
199 155
199 170
199 204
199 233
199 239
199 247
199 256
199 259
199 260
199 266
199 269
199 285
199 299
199 316
199 317
199 325
199 328
199 351
54 131
82 722
91 415
121 57
121 61
121 74
121 108
121 109
121 126
121 184
121 185
121 186
161 327
161 328
193 152
193 236
193 280
193 333
193 344
193 351
76 81
202 51
51 214
51 231
51 253
51 311
51 415
51 482
51 496
214 109
214 170
214 227
231 139
231 204
231 430
231 431
231 455
231 492
311 120
311 237
311 415
311 436
311 485
342 241
342 281
342 341
415 377
415 378
415 393
415 418
415 433
415 442
415 469
415 485
415 508
420 327
420 426
482 132
482 297
482 370
482 393
482 407
482 416
482 418
482 448
482 504
482 506
482 509
482 523
482 543
482 546
482 549
482 550
482 562
482 568
482 584
482 588
482 591
482 620
482 636
496 72
496 386
496 393
496 396
496 433
496 434
496 437
496 449
496 461
496 560
105 128
105 169
114 57
114 62
114 108
114 171
114 176
125 57
129 178
61 57
135 111
137 74
140 328
141 108
141 156
141 220
74 126
74 130
74 172
57 93
57 94
57 108
57 122
57 143
57 156
57 160
57 170
57 176
57 179
57 181
108 109
108 171
108 183
122 109
122 103
143 128
143 133
143 187
143 205
143 217
143 240
143 254
156 152
156 189
156 210
160 102
160 170
160 814
170 128
170 130
170 134
170 191
170 192
170 203
170 204
170 205
170 209
170 216
170 226
170 233
170 244
170 247
170 258
170 260
170 263
170 264
170 271
170 272
170 277
170 280
170 285
170 289
170 298
170 299
170 303
170 317
170 322
170 324
170 330
170 334
170 341
170 349
170 356
170 360
170 361
170 363
170 364
170 365
170 367
171 128
179 289
179 334
181 256
211 228
211 237
204 65
204 132
204 209
204 237
204 239
204 343
204 347
204 364
204 370
204 374
204 380
204 387
204 388
204 392
204 393
204 404
204 407
204 410
204 416
204 421
204 437
204 448
204 452
204 453
204 455
204 456
204 458
204 461
204 471
204 488
204 526
204 531
204 543
204 565
65 396
396 243
396 377
396 411
396 416
396 431
396 474
396 490
396 497
68 266
68 301
266 223
266 233
266 246
266 260
266 289
266 299
266 317
266 322
266 337
266 405
266 464
301 278
301 303
301 322
301 386
216 152
216 153
216 233
216 237
216 248
216 258
216 259
216 270
216 275
258 205
258 270
258 275
258 285
73 308
73 431
308 309
308 317
431 113
431 139
431 239
431 242
431 321
431 339
431 348
431 361
431 370
431 380
431 388
431 392
431 401
431 404
431 407
431 416
431 421
431 430
431 440
431 444
431 448
431 452
431 455
431 456
431 460
431 462
431 466
431 472
431 487
431 492
431 493
431 499
431 501
431 524
431 526
431 529
431 532
431 538
431 540
431 547
431 548
431 558
431 561
431 575
431 586
431 593
431 596
431 604
431 607
431 613
431 619
431 622
431 672
431 690
431 691
431 707
431 736
431 738
431 750
431 757
431 763
431 781
431 785
431 803
431 811
431 820
431 822
431 823
431 826
431 834
431 840
431 843
431 853
431 855
431 868
431 869
130 128
130 197
130 224
130 229
130 233
130 237
130 277
130 278
172 733
187 133
187 224
81 80
560 77
560 348
560 375
560 434
560 465
560 503
560 558
229 232
152 85
152 157
152 189
152 215
107 526
116 313
162 173
162 234
142 720
109 102
109 183
109 189
109 224
128 191
128 205
178 174
189 221
224 133
224 233
224 237
224 240
224 247
224 260
224 267
224 285
223 119
223 233
223 323
223 353
223 368
223 404
223 453
328 149
328 281
328 373
326 113
326 709
326 772
326 802
113 413
113 515
113 546
113 551
113 562
113 570
113 637
113 666
113 690
113 707
113 709
113 715
113 738
413 387
413 509
413 550
413 663
413 772
479 643
479 730
515 509
515 550
515 588
515 631
546 321
546 545
546 547
546 550
546 584
546 588
546 597
546 626
551 416
551 545
551 550
551 596
551 610
551 638
551 653
562 399
562 416
562 448
562 451
562 487
562 494
562 526
562 538
562 548
562 550
562 568
562 574
562 575
562 581
562 586
562 588
562 589
562 593
562 600
562 616
562 619
562 622
562 629
570 370
570 406
570 586
570 770
570 842
634 573
637 425
637 593
637 647
637 660
637 679
637 687
637 697
666 484
666 552
666 599
666 623
666 635
666 646
666 651
666 668
666 678
666 702
666 704
666 710
666 731
666 736
666 754
666 762
666 784
690 136
690 550
690 571
690 635
690 659
690 684
690 687
690 709
690 757
690 762
690 763
690 769
690 807
690 818
690 832
690 853
690 856
707 635
707 692
707 709
707 736
707 762
707 763
707 804
707 822
707 839
707 842
707 845
707 856
707 860
707 877
709 343
709 550
709 646
709 658
709 687
709 703
709 724
709 736
709 750
709 763
709 769
709 773
709 792
709 802
709 804
709 807
715 243
715 771
715 783
738 550
738 564
738 670
738 686
738 695
738 697
738 750
738 753
738 771
738 802
738 804
738 827
298 275
298 333
471 368
471 386
471 398
471 410
471 425
471 434
471 451
471 460
471 483
471 489
471 513
471 619
471 652
606 352
606 381
606 403
606 425
606 552
606 588
606 620
606 628
606 678
606 691
606 750
119 238
119 621
238 611
159 120
120 259
120 317
120 350
120 364
259 205
259 233
259 260
259 269
259 270
259 281
259 289
259 290
259 317
259 319
259 336
259 350
259 351
259 377
259 399
259 410
317 197
317 244
317 260
317 276
317 281
317 290
317 299
317 344
317 351
317 364
350 299
350 322
350 365
364 284
364 285
364 299
364 319
364 370
364 399
364 424
186 252
174 198
168 217
191 218
191 322
191 399
205 133
205 201
205 209
205 215
205 237
205 254
205 260
205 262
205 263
197 213
197 247
233 210
233 237
233 247
233 248
233 260
233 284
233 285
237 228
237 260
237 290
237 324
237 389
237 404
237 464
237 491
237 508
277 314
278 232
278 335
132 361
132 385
132 392
132 410
132 416
132 442
132 448
132 455
132 488
132 504
132 506
132 523
361 255
361 426
361 433
361 474
385 434
385 449
385 455
385 458
385 504
385 554
385 563
392 393
392 410
392 455
392 456
392 458
392 466
392 498
392 539
399 289
399 322
399 356
399 367
399 371
399 372
399 393
399 416
399 417
399 421
399 427
399 434
399 436
399 438
399 442
399 448
399 453
399 458
399 462
399 464
399 465
399 466
399 469
399 487
399 490
399 494
399 504
399 506
399 519
399 526
399 531
399 538
399 566
399 568
399 576
399 613
410 299
410 336
410 337
410 386
410 433
410 448
410 451
410 453
410 463
410 503
410 513
416 228
416 284
416 297
416 322
416 368
416 380
416 393
416 404
416 421
416 428
416 430
416 442
416 448
416 449
416 451
416 455
416 459
416 461
416 463
416 464
416 484
416 486
416 499
416 503
416 506
416 510
416 511
416 512
416 517
416 518
416 523
416 539
416 584
416 585
442 430
442 460
442 492
442 506
442 585
448 354
448 404
448 449
448 456
448 459
448 464
448 498
448 504
448 506
448 511
448 529
448 543
448 568
448 574
448 584
448 593
448 597
453 139
453 421
453 433
453 456
453 475
453 489
453 499
453 523
453 531
453 538
453 558
455 433
455 463
455 504
455 519
456 380
456 461
456 472
456 506
461 421
461 437
461 502
461 504
488 871
504 354
504 380
504 404
504 423
504 449
504 459
504 460
504 466
504 508
504 511
504 513
504 529
504 544
504 582
504 597
506 380
506 398
506 434
506 481
506 486
506 548
506 559
523 393
523 434
523 459
523 511
523 526
523 568
523 624
133 240
239 218
239 242
239 255
239 320
239 337
239 349
239 372
239 436
240 260
134 289
134 331
134 351
247 173
247 219
247 275
247 280
247 290
289 280
289 319
289 372
289 395
331 356
351 165
351 236
351 271
351 285
351 319
351 344
351 356
351 382
136 822
136 832
136 834
136 855
822 736
822 762
822 768
822 769
822 862
822 863
822 864
832 693
832 697
832 762
832 840
832 843
834 652
855 762
855 839
139 324
139 437
139 458
324 462
437 372
437 433
437 434
437 477
437 490
458 348
458 393
458 421
458 426
458 433
458 449
458 451
458 466
458 498
458 499
458 543
254 263
356 144
356 182
356 314
356 337
356 344
356 406
557 147
557 321
557 380
557 414
557 500
557 532
557 550
557 564
557 651
557 655
557 696
557 710
557 736
147 717
717 371
717 668
717 724
717 776
267 173
267 219
314 319
314 358
314 375
157 215
153 248
225 154
225 155
225 227
225 281
154 227
188 155
155 337
337 165
337 209
337 271
337 280
337 285
337 347
337 359
337 383
208 260
210 261
322 285
322 372
322 421
322 438
322 439
322 445
327 395
327 417
173 263
173 318
234 357
380 206
380 353
380 354
380 391
380 435
380 459
380 462
380 484
380 509
380 511
380 518
380 534
380 538
380 545
380 547
380 548
380 598
380 609
380 611
380 626
380 663
381 386
381 412
381 425
466 370
466 451
466 499
466 517
466 538
466 539
203 222
226 297
226 341
260 275
260 299
264 180
271 285
271 291
271 319
275 299
280 285
280 372
285 344
285 370
285 379
285 386
299 276
299 281
299 300
299 336
299 347
303 344
330 421
334 344
334 370
335 232
341 241
367 625
318 419
200 332
389 177
389 307
389 480
180 265
256 290
256 325
221 213
402 520
333 338
344 241
245 242
245 433
245 502
281 282
281 292
316 417
316 460
316 590
255 638
255 665
255 751
343 492
347 580
370 388
370 393
370 425
370 494
370 586
370 655
388 467
393 417
393 426
393 428
393 449
393 470
393 498
404 329
404 428
404 429
404 508
404 511
407 484
407 542
407 598
421 449
421 464
421 529
421 538
433 372
433 419
433 426
433 443
433 449
433 463
433 485
433 517
433 528
433 544
433 602
452 579
452 668
452 762
452 785
452 786
452 793
452 825
452 839
452 850
452 851
452 858
452 863
452 872
452 886
491 426
508 368
508 485
526 401
526 449
526 529
526 568
531 398
531 486
531 490
531 543
531 586
543 243
543 434
543 529
543 619
261 274
262 550
355 593
373 394
486 465
486 538
270 268
286 618
710 439
710 660
710 721
710 724
710 725
219 282
353 368
368 377
368 484
368 485
368 499
368 502
297 518
386 246
386 358
386 372
386 405
386 412
386 417
386 430
386 490
386 595
336 490
358 478
483 449
503 434
503 530
509 485
509 514
513 362
513 375
513 559
513 697
513 786
513 819
430 438
430 445
430 450
492 445
284 274
304 723
235 681
319 507
279 803
464 436
464 490
464 529
464 539
611 545
611 547
611 549
611 627
372 283
372 412
372 441
372 470
243 671
671 414
671 654
671 693
671 735
502 462
502 296
250 249
250 251
249 251
614 646
614 758
614 856
630 609
630 663
665 516
665 550
665 564
665 629
665 736
665 758
665 813
751 587
751 687
751 791
751 798
377 525
315 307
550 321
550 403
550 406
550 423
550 457
550 459
550 470
550 505
550 525
550 534
550 544
550 545
550 547
550 566
550 579
550 584
550 587
550 601
550 622
550 625
550 654
550 660
550 681
550 682
550 691
550 697
550 705
550 726
296 473
405 340
405 440
310 500
348 613
398 425
398 450
398 499
398 549
398 553
398 586
398 619
426 417
426 468
426 481
428 417
428 445
428 468
434 465
434 490
434 538
441 379
441 465
449 451
449 463
449 521
449 539
449 561
449 578
462 384
462 500
463 518
465 438
465 490
487 538
487 548
487 568
487 572
487 582
487 613
505 635
528 500
528 545
528 646
528 681
538 406
538 470
538 490
538 529
538 558
538 568
538 571
538 572
538 575
538 593
538 619
538 632
547 545
547 588
547 596
547 613
547 639
547 647
547 653
547 655
547 660
548 425
548 440
548 481
548 572
548 602
548 647
548 650
552 390
552 635
552 639
552 660
552 670
552 735
552 776
552 777
552 794
552 802
568 438
568 481
568 524
568 559
568 572
568 579
568 581
568 588
568 604
586 582
691 601
691 660
691 677
691 692
691 705
691 770
691 812
730 419
730 500
730 734
736 500
736 537
736 564
736 635
736 659
736 668
736 689
736 697
736 716
736 718
736 749
736 750
736 753
736 762
736 763
736 769
736 773
736 776
736 777
736 780
736 786
736 803
736 804
736 837
736 843
750 668
750 692
750 697
750 763
750 777
750 791
750 801
750 802
750 804
750 806
750 807
750 825
770 425
292 468
379 412
376 287
376 641
376 675
636 295
636 624
636 633
518 575
362 510
302 549
500 746
313 312
312 542
375 383
419 409
419 745
321 604
439 573
439 660
439 723
445 574
445 642
772 830
802 668
802 697
802 762
802 777
802 829
418 469
418 481
418 556
418 558
418 612
490 574
339 594
610 573
610 681
652 345
652 593
652 673
652 694
652 763
345 801
345 804
345 807
801 762
801 803
801 807
801 840
804 803
804 816
804 821
807 740
807 762
807 766
807 775
807 781
807 782
807 784
807 806
807 819
346 484
613 545
352 639
639 545
639 645
639 660
354 511
511 459
511 597
406 425
406 697
510 384
539 451
539 540
366 582
625 535
625 622
484 540
484 635
484 660
484 702
484 704
425 371
425 702
655 435
655 571
655 626
655 645
655 646
412 577
470 702
641 889
675 618
525 422
525 469
391 619
435 679
459 584
459 597
534 397
534 540
540 545
540 645
545 549
545 588
545 620
545 626
545 646
545 653
545 660
545 683
609 588
609 627
609 640
615 592
615 656
554 573
554 602
390 567
390 673
567 635
567 692
567 699
567 763
567 771
673 660
673 697
673 702
673 729
673 776
673 795
619 575
451 561
411 446
411 529
549 596
553 662
469 697
469 702
469 810
469 400
403 627
403 683
403 685
403 697
627 602
627 640
627 682
627 797
683 660
683 667
697 477
697 646
697 654
697 677
697 687
697 714
697 758
697 769
697 777
697 784
697 805
697 816
697 817
697 818
697 819
697 852
697 583
529 596
687 829
584 588
481 574
481 582
481 605
556 558
745 564
745 668
745 724
423 587
587 678
702 601
702 708
702 714
444 530
532 820
532 842
575 582
593 477
607 622
672 588
672 664
757 758
757 837
757 840
757 841
757 856
762 495
762 537
762 635
762 753
762 763
762 765
762 768
762 769
762 773
762 774
762 777
762 781
762 785
762 800
762 819
762 823
762 827
762 833
762 839
762 841
762 843
762 845
762 853
762 856
763 646
763 740
763 753
763 769
763 815
765 778
765 803
765 839
765 859
765 867
765 873
781 729
781 759
781 773
781 780
781 788
781 817
781 841
781 843
781 856
785 845
785 856
785 858
785 864
785 873
785 875
799 853
799 864
803 740
803 769
803 788
803 795
803 820
803 823
803 826
803 833
803 839
803 865
820 716
820 819
820 859
820 688
823 537
823 840
823 843
826 725
826 840
826 853
837 769
840 769
840 773
840 829
843 839
843 854
853 659
853 693
853 839
853 841
853 852
853 854
853 856
853 866
869 845
869 859
602 573
602 650
679 659
477 635
573 571
573 635
573 681
660 588
660 659
660 735
660 744
723 635
723 646
723 669
723 701
574 642
597 653
597 676
597 756
521 592
579 635
659 564
659 635
659 712
659 778
659 791
659 818
659 841
659 845
659 856
668 635
668 645
668 670
668 678
668 681
668 720
668 819
786 533
786 635
786 864
786 874
825 693
825 774
839 537
839 680
839 693
839 778
839 842
839 854
839 860
839 861
850 887
851 829
851 870
858 841
858 856
872 852
872 861
635 564
635 646
635 677
635 681
635 698
635 705
635 706
635 714
635 718
635 725
635 735
635 755
635 769
635 777
635 780
635 787
643 769
643 771
779 699
779 838
588 661
588 681
588 708
592 645
819 711
819 767
819 780
819 794
819 848
819 856
522 724
769 693
769 718
769 768
769 771
769 796
769 829
646 749
646 764
646 800
681 677
537 880
864 856
864 870
864 874
571 768
645 678
629 661
705 649
670 720
670 771
735 564
735 787
753 678
753 777
753 829
776 777
776 816
776 878
777 742
777 829
564 678
651 674
678 706
678 718
692 644
692 752
692 784
692 790
692 795
692 817
699 700
771 813
771 838
708 719
599 739
603 669
856 737
856 800
856 841
856 859
856 874
856 876
856 882
856 883
725 791
725 836
644 729
729 761
729 791
749 760
764 784
800 829
789 648
789 829
669 649
669 728
712 713
791 784
818 816
818 828
818 859
841 865
841 882
845 824
845 879
784 761
784 809
693 743
743 885
829 847
829 849
884 885
773 742
805 859
816 747
846 740
852 857
737 878
742 831
742 835
831 806
774 815
767 844
809 808
847 881
862 882
824 888