8 2
8 9
8 11
8 17
8 18
8 19
8 20
8 23
8 26
8 27
8 30
8 32
8 33
8 34
8 37
8 42
1 847
36 394
3 4
3 16
3 23
3 24
3 60
2 4
2 6
2 21
6 28
12 50
12 685
16 7
20 9
20 66
21 794
23 33
23 37
60 91
88 5
88 49
88 55
88 89
88 96
88 107
88 111
88 115
88 121
5 118
5 306
5 447
5 608
118 98
118 298
118 581
164 72
164 230
164 374
306 170
306 206
306 356
306 145
369 550
369 117
447 139
447 204
447 273
447 370
447 372
447 392
447 408
447 421
447 431
447 433
447 434
447 454
447 456
447 466
447 483
447 502
447 504
447 506
447 517
608 557
657 467
657 731
28 13
48 234
9 7
9 34
9 49
9 55
9 58
9 59
9 270
7 18
7 26
26 52
33 13
37 83
39 434
40 22
40 787
44 144
45 69
46 888
49 66
49 193
55 25
55 59
55 61
55 105
55 140
58 95
58 104
58 105
59 57
59 74
59 93
59 106
59 114
59 125
59 138
59 163
59 170
117 286
117 489
10 819
50 29
50 47
50 76
50 82
50 86
13 41
13 64
13 127
13 163
13 190
13 207
13 230
71 254
78 96
78 166
78 229
78 230
96 230
163 57
163 61
163 123
163 156
166 53
166 160
166 161
166 194
190 193
196 156
196 237
196 245
207 22
207 143
207 189
207 230
230 51
230 72
230 109
230 161
230 281
230 358
230 386
230 393
230 396
230 410
230 433
230 448
230 460
230 483
230 509
230 513
230 79
230 631
14 47
14 63
14 110
47 54
47 67
47 91
47 97
56 74
56 100
56 101
56 429
63 156
98 22
98 73
98 92
98 105
98 109
98 123
98 138
98 195
110 121
110 123
110 130
110 170
15 655
25 53
25 75
25 90
25 100
25 124
25 146
273 35
273 148
273 155
273 170
273 191
273 197
273 199
273 202
273 224
273 228
273 239
273 247
273 257
273 285
273 290
273 308
273 310
273 361
273 392
273 396
273 398
273 399
273 415
273 426
273 428
273 431
273 434
273 442
273 448
273 458
273 462
273 465
273 471
273 475
273 483
273 499
273 519
273 536
273 538
273 552
273 560
273 568
273 770
22 70
22 104
22 555
22 617
70 216
104 57
104 170
104 171
123 105
123 109
123 122
123 124
158 108
158 170
158 322
408 330
408 482
408 536
408 548
536 132
536 316
536 393
536 398
536 399
536 406
536 416
536 438
536 450
536 458
536 459
536 466
536 481
536 482
536 484
536 518
536 531
536 538
536 545
536 548
536 550
536 570
536 579
536 592
536 619
536 639
555 204
555 399
555 423
617 132
617 528
617 552
617 571
617 603
617 646
617 678
617 735
617 736
617 751
617 771
53 105
53 125
53 167
75 112
75 129
90 84
90 162
124 168
150 436
151 543
31 701
31 183
87 571
43 424
35 148
35 195
35 212
106 178
106 189
148 239
148 257
148 305
195 128
195 641
212 51
212 170
212 293
212 294
212 332
212 373
257 267
257 290
257 309
199 38
199 155
199 170
199 225
199 233
199 239
199 259
199 260
199 266
199 269
199 281
199 285
199 316
199 317
199 325
199 351
69 54
69 732
91 81
121 57
121 108
121 109
121 184
121 185
121 186
161 327
161 328
193 152
193 170
193 271
193 280
193 344
51 231
51 253
51 415
51 420
51 496
214 109
214 152
214 170
214 205
214 329
231 204
311 120
311 237
311 322
311 415
311 436
311 485
342 241
415 228
415 377
415 418
415 462
415 469
415 485
415 508
420 239
420 327
420 426
482 346
482 370
482 393
482 407
482 448
482 470
482 492
482 504
482 506
482 509
482 523
482 546
482 562
482 591
482 597
482 636
496 396
496 433
496 449
496 503
496 560
105 169
114 57
114 62
114 108
114 171
61 57
135 798
137 728
140 328
141 108
141 156
141 220
74 126
74 172
74 187
57 94
57 143
57 160
57 171
57 181
57 302
94 578
108 189
143 133
143 187
156 152
156 189
156 208
156 727
160 102
160 170
170 130
170 133
170 134
170 192
170 205
170 226
170 233
170 258
170 260
170 264
170 271
170 272
170 275
170 277
170 278
170 280
170 298
170 303
170 317
170 330
170 335
170 360
170 363
170 364
170 365
171 734
176 640
179 289
179 334
138 188
211 701
204 65
204 132
204 237
204 239
204 347
204 364
204 380
204 388
204 392
204 393
204 399
204 404
204 407
204 410
204 416
204 431
204 433
204 437
204 448
204 452
204 471
204 488
204 491
204 508
204 531
204 560
396 243
396 377
396 411
396 431
396 453
396 497
396 203
68 266
266 191
266 223
266 239
266 289
266 299
266 317
266 405
301 303
301 386
99 669
216 152
216 153
216 213
216 248
258 205
258 224
258 275
73 431
308 309
308 317
308 358
431 113
431 239
431 242
431 284
431 321
431 339
431 348
431 361
431 368
431 380
431 388
431 392
431 404
431 405
431 421
431 440
431 448
431 456
431 462
431 498
431 504
431 526
431 532
431 538
431 540
431 544
431 547
431 548
431 550
431 561
431 575
431 586
431 591
431 593
431 596
431 604
431 606
431 613
431 619
431 622
431 672
431 691
431 697
431 750
431 763
431 765
431 781
431 799
431 803
431 820
431 826
431 840
431 843
431 855
431 868
431 869
130 233
130 277
130 278
560 77
560 132
560 348
560 434
560 455
560 465
560 558
77 651
80 624
152 157
152 189
152 205
152 844
85 360
85 808
89 875
107 180
111 115
111 716
115 128
116 530
162 128
142 542
109 102
103 846
128 191
189 221
224 240
224 260
224 285
223 119
223 260
223 303
223 353
223 453
328 149
328 373
326 113
326 802
113 413
113 479
113 515
113 551
113 562
113 570
113 634
113 637
113 666
113 690
113 707
113 709
113 715
113 738
113 809
413 509
413 262
479 643
479 730
479 779
479 524
515 433
515 509
515 550
515 583
515 588
546 321
546 547
546 550
546 588
546 597
546 626
551 596
562 132
562 399
562 448
562 481
562 526
562 538
562 550
562 572
562 589
562 593
562 600
562 616
562 622
570 388
570 575
570 770
637 425
637 593
637 748
666 525
666 552
666 599
666 623
666 635
666 646
666 668
666 678
666 754
666 762
690 136
690 635
690 646
690 659
690 687
690 709
690 757
690 762
690 769
690 807
690 818
690 832
690 853
690 694
690 775
707 635
707 646
707 692
707 781
707 804
707 842
707 845
707 856
709 439
709 550
709 646
709 687
709 703
709 724
709 736
709 763
709 773
709 802
715 243
715 771
738 550
738 564
738 613
738 686
738 702
738 706
738 753
738 771
738 804
738 827
738 300
471 368
471 434
471 451
606 352
606 381
606 627
606 678
606 770
119 238
238 611
159 120
259 233
259 269
259 275
259 289
259 290
259 336
259 350
259 399
259 410
317 197
317 239
317 244
317 260
317 276
317 290
317 344
317 351
350 290
350 322
350 365
364 299
364 370
364 424
364 437
185 739
174 198
191 322
191 399
205 133
205 175
205 201
205 209
205 215
205 237
205 254
131 659
197 213
197 247
197 285
197 335
233 237
233 304
237 228
237 247
237 279
237 324
237 455
237 491
278 335
132 361
132 399
132 416
132 442
132 448
132 453
132 455
132 456
132 461
132 488
132 504
132 506
132 523
361 228
361 433
361 474
361 792
385 449
385 455
385 563
392 410
392 455
392 466
399 285
399 322
399 372
399 389
399 427
399 428
399 464
399 466
399 469
399 506
399 509
399 526
399 531
399 568
410 299
410 336
410 337
410 430
410 433
410 448
410 453
410 490
410 503
410 513
416 228
416 284
416 322
416 368
416 380
416 393
416 404
416 448
416 453
416 459
416 461
416 466
416 499
416 503
416 506
416 510
416 512
416 539
416 585
442 460
448 354
448 453
448 456
448 458
448 459
448 464
448 497
448 498
448 503
448 506
448 511
448 543
448 568
453 324
453 421
453 456
453 463
453 475
453 523
453 556
453 558
455 504
456 139
456 449
456 472
456 506
461 421
461 437
461 502
488 871
504 354
504 380
504 466
504 508
504 513
504 518
504 582
504 584
504 597
506 380
506 386
506 548
506 559
523 393
523 568
133 239
133 240
239 218
239 242
239 255
239 337
239 372
240 260
134 331
134 351
247 173
247 219
247 275
247 280
247 288
289 319
289 322
289 372
289 395
331 356
351 165
351 271
351 314
351 319
351 337
351 520
136 822
822 762
822 768
822 769
822 781
822 864
832 693
832 697
832 840
832 843
834 820
855 839
855 841
855 501
139 324
139 458
324 386
324 462
437 372
437 386
437 433
437 434
437 490
458 348
458 421
458 426
458 449
458 466
217 256
254 263
254 291
356 314
356 319
356 337
356 344
356 347
356 373
356 406
557 321
557 380
557 500
557 532
557 550
557 655
557 696
557 736
147 717
717 652
717 668
717 724
717 776
267 173
267 219
267 249
314 319
157 215
153 248
225 154
225 227
225 341
155 337
337 165
337 209
337 280
337 285
337 347
337 359
337 383
210 304
322 285
322 386
322 428
322 445
173 263
173 880
380 391
380 435
380 459
380 462
380 509
380 518
380 534
380 545
380 598
380 609
380 611
380 663
466 370
466 499
466 538
466 539
466 543
194 478
209 355
226 341
260 275
263 296
263 612
271 291
271 319
272 256
275 268
275 881
280 285
280 372
285 344
285 358
285 386
299 290
299 336
299 347
303 344
330 421
334 344
335 232
335 811
335 674
349 729
363 424
363 516
365 333
367 625
318 362
200 393
389 177
389 307
389 480
265 854
256 325
182 790
252 825
236 319
236 344
218 710
402 663
344 241
245 242
245 502
281 292
316 460
316 568
222 417
255 614
255 630
255 638
255 665
343 492
347 378
370 425
370 494
370 655
387 521
388 467
388 661
393 417
393 428
393 449
393 464
393 470
393 498
404 428
404 449
404 508
404 518
404 320
407 484
407 598
421 449
421 464
421 538
433 372
433 419
433 426
433 443
433 449
433 485
433 528
433 544
433 602
452 668
452 687
452 785
452 793
452 820
452 839
452 850
452 872
452 886
491 384
508 511
508 653
526 401
526 568
531 486
531 543
543 434
543 475
543 487
543 529
543 619
565 530
261 274
262 566
228 386
228 474
486 465
486 514
486 628
710 484
710 635
710 697
710 724
710 725
219 282
323 235
368 377
368 484
368 485
368 499
297 518
386 246
386 358
386 372
386 412
386 490
336 490
460 449
483 741
503 394
503 434
503 530
513 362
513 559
513 697
513 819
430 554
430 409
492 477
464 436
611 547
611 548
611 627
372 412
372 441
436 796
241 357
671 414
671 693
671 735
671 711
502 377
250 251
249 251
614 646
614 569
614 866
630 663
638 665
665 629
665 758
665 813
751 564
751 587
377 525
315 307
550 321
550 406
550 423
550 505
550 525
550 544
550 547
550 552
550 579
550 587
550 601
550 625
550 681
550 682
550 691
550 697
550 702
550 726
405 340
310 500
398 549
398 553
398 586
426 417
426 468
428 417
434 490
441 465
449 451
449 463
449 499
449 519
462 384
463 518
465 490
487 538
487 548
487 568
499 539
499 580
505 507
527 877
528 500
538 406
538 470
538 529
538 535
538 548
538 558
538 568
538 571
538 572
538 575
538 593
538 619
538 624
538 632
547 545
547 588
547 645
547 647
547 655
548 425
548 440
548 481
548 572
548 602
548 647
552 390
552 670
552 736
552 776
552 802
568 427
568 438
568 559
568 572
568 575
568 579
568 604
691 677
691 692
691 735
691 756
736 537
736 564
736 635
736 659
736 678
736 689
736 749
736 753
736 769
736 773
736 776
736 777
736 780
736 801
736 804
736 837
750 668
750 692
750 742
750 762
750 763
750 791
750 802
750 804
750 806
292 468
283 680
379 412
376 675
287 806
636 295
295 747
518 575
362 539
432 338
500 812
313 312
312 542
375 383
590 321
321 604
604 783
439 573
439 660
439 723
445 642
772 564
802 829
418 556
490 574
339 594
610 573
610 681
652 345
652 660
652 763
345 801
345 807
801 762
801 803
801 840
804 816
804 821
807 740
807 762
807 766
807 781
807 784
807 814
807 819
807 840
382 759
382 476
382 620
352 639
352 884
639 545
639 645
639 660
511 459
511 584
511 752
510 384
366 724
366 695
625 535
625 622
484 540
484 660
484 702
425 371
425 609
425 702
655 571
655 646
675 618
675 626
525 422
525 469
525 769
525 713
435 533
459 584
534 397
534 540
540 545
540 635
540 658
545 403
545 549
545 619
545 626
545 629
545 646
545 672
609 627
609 640
615 592
615 656
626 541
390 567
567 697
567 771
673 697
673 702
673 795
619 575
411 446
411 529
549 664
469 697
469 702
469 810
576 592
621 764
400 867
403 683
403 697
627 602
627 640
683 667
697 564
697 654
697 677
697 687
697 720
697 758
697 763
697 777
697 817
697 829
697 837
697 846
697 852
687 829
741 605
584 597
481 574
481 582
612 744
745 564
423 587
654 723
702 564
702 601
702 635
702 714
444 530
444 493
444 833
532 820
532 721
575 582
575 593
607 622
757 758
757 840
762 495
762 537
762 742
762 753
762 763
762 765
762 769
762 774
762 781
762 785
762 800
762 816
762 819
762 823
762 839
762 841
762 843
762 853
762 856
762 874
763 769
763 815
765 828
765 839
765 867
765 873
781 729
781 759
781 769
781 780
781 841
781 853
785 856
785 858
785 864
785 873
799 853
803 755
803 769
803 788
803 795
803 818
803 839
803 865
820 847
820 859
823 537
823 840
826 725
853 852
869 845
602 650
679 659
573 571
573 635
660 588
660 659
660 746
723 669
723 701
723 473
574 642
597 588
597 676
521 592
659 635
659 712
659 818
659 841
659 845
659 856
668 645
668 681
668 819
786 635
786 856
786 864
839 680
839 858
839 860
850 887
850 633
851 829
851 870
863 847
872 852
872 861
457 704
635 646
635 677
635 681
635 698
635 706
635 714
635 718
635 755
635 780
779 699
588 708
819 767
819 780
819 856
522 724
724 719
769 693
769 718
769 768
646 749
577 784
650 782
537 864
864 856
864 874
571 768
705 649
735 564
753 678
776 816
777 742
777 829
662 873
581 830
678 706
692 795
699 700
771 838
708 719
595 733
739 778
628 684
856 722
856 800
856 874
856 876
856 882
856 883
698 644
725 791
780 816
889 828
729 761
764 784
800 829
789 648
669 649
669 728
712 688
712 836
818 816
841 847
841 859
845 879
784 761
784 805
667 797
795 761
686 760
743 885
829 849
773 742
805 859
846 740
852 857
737 878
742 831
742 835
774 815
775 848
862 882
824 888